381
1621
761
967
453
203
1028
453
552
766
418
789
701
335
773
375
424
1244
322
1469
909
763
424
580
794
328
520
1186
809
927
576
532
459
1102
2331
955
735
622
653
583
431
1189
791
1003
184
2548
357
224
506
373
703
371
1084
2293
309
832
335
442
514
533
1002
725
407
824
805
556
505
876
1369
941
1136
421
317
369
604
521
410
506
1121
643
331
761
227
864
661
512
382
275
1232
640
471
1104
761
1367
721
727
1113
721
526
1496
1671
255
460
433
991
797
609
428
867
914
763
448
367
465
807
949
1337
502
483
269
460
802
1363
982
609
1561
483
460
2487
551
943
1039
390
1050
517
818
623
380
551
383
1445
288
355
770
1268
482
792
695
1230
311
1552
491
269
492
228
1475
442
365
2048
442
461
1506
663
307
458
330
303
1264
419
638
1083
436
541
443
1239
971
1219
638
630
444
498
927
1940
274
1154
805
563
742
477
527
1059
152
189
279
185
302
487
623
526
689
126
366
284
170
134
323
299
232
294
344
384
298
280
244
319
403
303
277
199
187
267
133
295
90
342
320
311
110
246
288
420
303
40
198
177
269
253
174
293
426
247
306
179
29
323
111
332
401
386
213
362
307
336
69
262
212
237
270
197
93
205
102
165
57
223
246
203
196
134
244
20
95
312
311
362
296
122
281
286
226
268
265
309
223
320
218
323
326
321
279
308
477
397
211
176
358
245
323
176
216
435
389
340
229
29
292
253
345
99
395
20
304
370
337
263
304
338
329
39
92
296
313
343
272
218
343
197
279
69
314
398
78
225
38
107
250
253
287
323
210
51
315
69
357
215
210
114
307
201
249
186
86
360
218
283
321
168
322
244
316
187
69
273
192
347
252
90
369
262
232
318
182
150
277
110
207
255
275
271
106
68
77
369
102
275
182
321
319
350
150
237
158
245
136
340
322
312
241
242
242
