269
722
461
308
225
880
340
209
1241
404
261
654
158
214
457
610
255
201
643
475
826
389
675
281
299
204
762
247
80
344
424
339
857
497
73
182
373
298
407
547
428
368
1686
1074
1048
679
645
145
273
213
667
255
287
326
565
485
342
1060
286
803
767
655
357
368
1060
275
1209
315
545
463
205
565
703
545
536
312
524
623
591
902
455
399
404
186
999
488
604
90
377
415
524
204
262
476
612
882
826
247
211
385
619
184
708
313
848
724
745
714
953
122
1184
408
224
1123
395
233
1502
280
335
1096
987
273
356
764
255
547
371
224
348
803
494
591
197
614
257
917
326
450
1488
134
973
1765
237
438
562
464
296
373
522
540
152
290
592
629
237
250
395
182
585
568
287
223
710
812
181
491
509
248
490
928
396
573
659
911
458
534
555
702
469
970
797
444
173
1076
380
250
738
480
264
596
381
478
580
575
837
493
1003
297
397
1007
14
195
163
16
173
204
86
80
248
224
55
88
208
178
176
195
207
264
67
142
52
125
25
86
87
144
198
92
119
136
128
161
59
36
249
207
242
64
51
213
51
189
233
185
248
140
231
22
295
375
24
227
394
238
82
17
37
101
195
146
138
142
87
314
111
178
155
135
67
156
122
123
59
106
197
112
159
280
136
72
88
57
166
191
13
199
18
175
21
37
276
118
218
82
194
275
26
83
151
39
344
83
131
36
193
147
181
189
148
61
224
139
92
154
106
31
178
68
281
208
122
286
12
202
264
203
75
51
132
96
309
68
36
161
83
196
177
94
194
185
163
85
105
243
153
71
143
185
43
183
198
81
91
145
154
191
178
15
143
251
71
120
264
325
66
72
120
63
166
152
153
23
69
140
162
262
177
34
120
262
219
159
142
58
227
186
179
81
72
266
287
179
96
77
371
145
25
99
205
205
