201
177
1027
315
389
222
550
245
287
599
359
285
406
296
279
442
410
164
371
983
290
382
494
403
262
201
183
451
567
199
252
358
499
155
526
425
337
415
242
591
355
247
506
303
406
581
352
243
470
380
216
378
348
894
362
297
395
338
425
252
226
437
445
258
322
595
200
304
443
347
247
452
287
258
671
355
324
325
349
354
317
348
283
270
680
722
220
457
425
140
450
404
189
400
353
481
150
492
746
285
276
337
214
278
275
388
434
334
260
324
1064
265
353
248
229
427
375
362
312
696
165
138
264
114
554
294
614
416
325
358
413
468
573
560
261
405
178
744
314
76
825
342
855
250
183
208
391
441
372
395
687
414
377
216
381
280
700
317
397
273
315
352
161
197
340
455
400
747
880
424
179
445
399
217
92
378
295
261
326
302
172
284
353
359
193
301
265
268
143
201
242
288
326
73
168
391
93
320
272
1000
317
393
224
367
328
294
115
237
421
553
172
255
483
347
419
145
380
269
380
92
363
258
37
363
174
392
281
256
254
151
471
399
228
194
295
280
316
146
484
326
466
249
325
326
126
171
263
330
195
266
277
405
242
266
252
257
359
86
205
317
356
324
350
389
233
396
196
348
268
101
186
196
270
348
268
92
328
375
431
296
326
321
101
431
328
182
344
304
340
174
341
399
446
360
178
435
193
336
240
464
360
320
204
241
256
271
295
331
370
269
233
308
389
361
334
246
305
278
210
267
268
175
84
380
363
357
307
404
208
432
375
262
115
136
270
376
274
319
284
217
33
308
305
298
304
449
431
290
222
124
415
232
376
340
426
248
95
221
449
298
224
146
409
251
433
223
287
306
391
328
267
293
349
285
469
305
364
247
303
283
210
325
221
188
309
308
396
240
274
202
373
392
365
352
192
401
100
77
31
394
