1022
109
152
325
436
386
209
173
357
65
50
180
745
283
785
66
255
327
494
252
602
589
496
35
460
147
684
661
430
148
338
230
289
119
368
499
360
243
230
161
532
367
322
274
317
361
214
251
853
265
643
579
370
348
481
293
239
1005
319
522
199
738
473
676
371
117
606
179
17
399
422
186
82
274
391
489
859
381
379
685
307
131
264
77
144
206
212
275
289
234
590
174
257
214
809
256
146
220
292
304
411
263
515
303
291
208
438
420
337
382
621
363
542
603
207
214
548
511
414
610
378
339
191
422
719
114
570
882
477
341
180
96
445
575
355
642
354
311
236
344
239
368
529
243
331
116
403
783
164
371
752
328
338
656
235
436
613
391
287
291
251
255
1052
299
439
511
325
173
386
220
71
260
222
128
336
130
380
263
453
370
182
342
267
217
422
203
175
412
269
451
432
323
362
996
114
591
267
669
316
726
12
33
165
99
58
102
300
12
128
157
269
284
119
77
285
79
54
229
166
191
193
118
135
118
56
299
334
230
169
112
79
45
124
73
132
167
203
116
40
136
265
174
179
15
108
318
43
145
198
154
155
111
43
108
260
283
183
60
258
30
44
246
24
54
76
152
111
191
13
194
59
194
157
169
147
20
253
132
71
37
11
24
127
213
177
137
135
24
165
254
151
83
102
158
298
61
116
227
25
55
91
140
66
58
82
195
124
34
199
302
187
148
117
283
297
77
231
30
143
57
247
172
65
83
256
135
109
202
133
135
174
97
224
88
195
154
61
223
180
190
21
103
170
55
120
31
15
36
53
48
114
59
67
111
14
136
252
174
91
165
148
97
266
170
101
37
65
156
68
36
109
255
160
150
106
48
62
163
32
185
164
164
94
140
263
140
212
17
217
111
278
49
223
98
148
183
129
28
55
258
