7
7
11
15
7
8
11
13
16
11
9
11
19
9
18
10
7
11
10
17
18
15
10
17
12
10
10
10
9
10
10
11
11
15
9
13
9
10
9
9
9
11
12
17
10
9
9
9
8
12
11
7
11
14
11
11
7
10
9
10
10
9
12
8
12
12
8
7
17
9
16
9
9
9
10
9
8
10
29
10
10
14
7
9
12
10
10
7
13
7
12
25
9
20
9
14
13
8
22
17
14
10
8
7
7
16
10
9
11
20
13
9
10
7
13
19
18
11
9
10
11
8
9
16
9
15
9
10
20
9
16
14
9
12
9
11
9
9
8
7
22
10
7
17
16
14
12
9
10
8
9
8
9
12
10
10
8
9
10
11
12
13
12
9
8
9
11
10
9
7
15
9
9
7
14
12
14
10
11
10
10
11
20
8
19
9
10
10
19
10
11
10
10
11
10
7
12
12
9
10
10
10
7
10
7
10
9
11
10
10
10
9
9
9
10
9
10
10
10
10
0
7
10
9
9
10
9
9
10
10
8
9
9
9
9
10
10
8
9
7
8
7
0
11
9
9
9
11
7
9
9
9
10
8
9
11
10
7
9
9
10
8
9
0
10
10
9
9
8
10
9
9
8
9
0
11
8
10
9
7
10
9
10
10
10
9
7
9
7
9
7
9
9
9
10
7
9
10
9
9
9
7
9
9
9
7
8
7
9
10
10
9
7
9
10
10
7
9
10
9
7
9
9
7
9
10
9
9
8
10
8
8
9
10
7
9
8
7
10
9
9
9
9
9
11
10
9
8
10
10
7
7
9
10
7
10
8
9
10
9
9
9
9
10
8
8
9
9
9
9
11
9
10
9
9
8
0
9
9
9
9
8
9
9
9
9
7
7
9
8
9
9
7
7
0
9
9
8
9
10
