336
1302
495
918
104
75
843
337
218
466
381
618
537
162
640
268
418
1033
228
837
807
244
177
488
637
278
311
654
605
725
320
458
302
1005
1636
450
443
391
505
275
185
1057
551
776
136
1683
54
157
97
310
650
275
659
1602
259
605
130
420
452
232
782
403
360
774
485
369
463
655
1050
719
384
232
123
78
467
360
247
328
950
508
327
478
164
720
524
337
191
186
1069
494
137
842
445
850
488
502
865
555
262
980
1318
74
347
343
739
310
287
143
752
775
627
288
242
249
590
737
1066
272
101
225
368
581
1081
724
443
1275
276
138
1819
457
574
1032
349
840
188
460
451
150
129
294
541
153
205
664
664
350
295
417
948
197
1391
403
281
375
214
1261
391
368
1286
96
393
1186
288
226
361
250
150
1083
138
461
467
88
336
227
993
711
432
235
152
168
307
821
1381
138
925
524
380
559
267
441
604
124
141
277
123
238
408
470
301
627
33
31
43
29
13
21
20
25
26
13
32
43
36
39
14
29
33
18
13
33
31
33
38
12
20
17
15
22
17
26
22
18
20
26
28
18
29
32
25
32
23
28
19
24
32
14
36
12
24
22
22
29
15
18
25
21
31
15
18
24
30
19
13
12
28
44
24
17
44
17
12
21
33
24
22
29
38
20
29
22
20
26
24
25
19
27
30
35
25
30
22
97
24
24
11
40
16
36
28
23
21
22
21
16
21
36
19
29
15
20
10
29
19
19
25
48
29
19
11
13
16
17
21
19
19
39
13
19
11
26
26
12
18
36
16
32
35
34
38
34
40
18
25
45
15
23
74
23
18
23
31
14
13
20
19
65
28
17
16
46
27
16
35
22
17
20
40
15
12
16
76
18
24
18
36
19
14
22
25
11
18
24
11
38
20
27
43
16
17
25
21
14
17
18
31
17
20
22
24
49
