100
624
340
226
161
641
245
184
762
181
177
450
131
187
201
312
102
70
419
426
574
321
532
231
182
106
756
131
43
270
210
244
713
292
49
145
323
94
276
330
233
291
1266
827
749
567
356
43
205
148
251
192
26
135
451
246
295
744
106
670
628
626
156
182
808
222
1051
249
435
398
87
383
563
260
281
275
453
521
471
558
238
111
259
102
822
361
463
22
175
386
420
67
221
393
493
781
715
170
198
291
492
115
531
191
498
544
647
493
564
89
942
132
183
695
309
195
1141
217
268
873
822
127
237
427
203
418
253
174
189
548
363
463
132
342
172
706
144
310
1044
86
675
1357
184
374
437
288
172
186
287
496
93
99
433
401
183
220
200
86
431
454
160
159
354
592
22
180
260
173
382
796
330
326
520
654
258
403
524
565
357
847
726
256
88
650
306
119
494
358
202
413
227
213
440
485
673
345
808
289
164
763
10
23
13
12
15
12
12
25
34
18
28
37
11
25
16
21
21
25
10
25
24
20
19
15
14
13
28
51
23
17
12
18
13
17
16
21
19
16
26
23
12
19
34
11
23
7
27
15
28
25
7
21
15
23
13
13
20
12
24
12
24
34
15
14
30
14
21
17
10
21
13
28
16
30
18
13
19
25
20
13
15
14
23
12
15
18
23
13
15
11
20
19
18
15
23
25
13
12
26
15
30
47
18
17
22
15
16
33
14
10
42
17
13
9
17
11
14
22
39
14
10
25
15
47
12
31
43
14
40
22
13
14
23
20
12
15
13
16
13
17
17
15
18
21
16
38
32
30
10
19
14
14
13
17
16
30
11
13
13
24
16
13
24
25
21
17
26
11
17
23
24
11
14
12
13
50
22
15
20
26
18
13
29
14
19
22
15
12
26
15
17
123
17
27
20
21
14
18
22
16
