65
111
785
88
258
130
474
88
67
340
114
217
264
190
93
247
86
67
59
824
143
210
367
206
151
175
143
305
468
122
75
106
392
116
453
263
221
280
91
447
84
150
154
190
151
414
233
59
338
355
197
160
273
616
223
97
184
187
217
47
125
257
256
191
117
443
41
165
300
208
186
200
213
132
650
47
267
140
83
235
265
309
91
213
571
523
117
235
233
103
464
362
95
193
138
397
130
416
551
98
121
122
117
84
156
173
430
46
207
133
900
185
285
144
141
306
157
372
102
482
77
78
95
93
557
130
537
259
121
338
345
104
343
251
222
106
130
588
134
41
564
175
712
54
66
142
207
428
287
88
433
285
185
101
346
153
439
238
143
160
301
81
142
143
83
274
173
431
721
342
164
227
31
106
102
221
191
239
151
57
118
52
177
130
57
89
46
113
104
155
64
124
260
60
102
176
66
161
252
855
17
23
22
16
15
17
14
26
26
52
24
26
38
18
18
23
21
18
88
17
23
19
17
22
18
40
24
19
20
34
26
22
21
30
29
11
19
35
45
28
27
38
20
25
22
19
34
19
30
17
27
20
40
15
26
20
52
25
26
16
39
29
18
24
24
22
34
42
22
17
43
18
31
107
28
19
26
24
30
25
18
18
17
23
13
16
30
17
20
21
40
14
29
30
75
21
12
46
35
29
31
26
47
21
24
22
25
21
35
23
15
20
21
30
15
41
31
45
36
21
62
14
20
17
19
34
26
40
36
24
16
26
24
16
27
25
33
64
28
26
23
28
34
20
22
33
26
22
114
14
28
27
32
21
30
59
16
41
40
23
21
30
18
26
22
19
14
44
31
17
21
18
24
38
26
37
44
17
22
24
40
32
25
28
17
84
18
21
20
24
86
21
30
33
23
29
12
22
15
24
