963
41
12
248
410
228
136
132
256
50
25
184
382
158
630
22
45
274
293
262
372
374
271
31
392
54
546
432
383
100
181
175
278
77
172
426
204
55
179
51
286
228
171
162
191
257
127
108
536
186
382
345
166
245
244
205
172
789
159
444
66
647
173
658
128
80
393
15
16
368
256
63
25
268
264
284
664
259
268
516
169
30
95
51
93
79
71
173
106
135
441
28
194
139
684
118
45
119
145
204
277
140
228
177
231
118
281
345
174
190
386
208
350
394
134
122
409
374
352
355
202
213
60
304
537
46
366
517
295
161
133
29
361
471
83
385
186
271
209
206
58
195
315
115
96
40
260
580
155
193
549
18
221
423
21
282
398
366
167
150
210
96
862
93
238
236
210
149
196
211
44
173
158
92
191
77
225
159
297
323
28
181
112
138
303
66
102
278
213
270
309
157
239
762
72
370
121
490
205
432
10
48
15
12
19
16
22
14
12
18
14
155
13
28
18
15
15
22
34
11
38
46
17
14
20
22
21
16
77
20
18
27
15
25
15
14
12
27
18
14
22
25
19
14
16
13
11
23
28
19
22
15
20
31
15
20
20
13
14
28
21
12
25
20
19
16
17
21
10
16
17
18
64
27
10
16
22
48
14
14
24
20
22
19
11
14
18
15
17
27
12
10
15
21
20
14
17
17
17
20
46
32
35
11
14
18
13
14
36
132
14
22
14
15
17
19
15
19
13
14
16
10
16
17
10
18
21
18
17
57
23
12
18
13
17
18
27
10
12
22
12
10
16
15
33
14
11
7
14
21
24
8
18
23
14
15
16
49
17
14
22
16
17
58
29
14
25
16
12
10
32
30
11
10
16
12
13
23
17
23
16
12
21
15
13
24
13
15
12
30
9
25
29
11
23
30
10
13
13
54
