136
132
850
128
304
146
512
97
94
397
137
250
294
213
132
310
131
71
104
936
152
266
405
313
168
186
166
334
498
156
92
139
545
118
517
328
252
324
93
499
103
191
251
198
227
438
275
94
373
378
204
198
301
843
268
154
218
202
253
65
143
311
283
210
133
564
57
169
298
309
219
298
231
155
720
53
314
163
86
280
293
359
111
232
712
603
136
287
293
106
528
387
111
221
160
422
154
445
685
109
156
129
144
94
174
181
442
54
251
159
1073
214
309
164
158
358
198
407
135
608
78
84
110
89
634
177
617
300
181
363
337
223
390
277
273
116
141
773
213
67
756
209
686
126
85
184
275
528
319
139
463
336
214
127
344
177
493
250
191
186
323
109
170
162
86
271
219
516
900
344
169
282
50
134
130
242
201
244
203
55
119
78
212
148
92
127
63
119
105
180
97
129
292
67
135
212
86
206
275
921
22
24
28
19
19
22
14
28
69
59
31
31
36
22
19
46
30
18
104
18
73
18
20
23
23
49
29
20
22
39
29
22
29
30
32
14
24
34
44
26
133
60
19
39
21
16
41
22
49
17
33
29
47
19
27
26
55
29
27
23
42
32
23
34
28
34
33
42
21
21
51
19
35
138
30
18
32
24
35
29
17
20
18
28
15
19
45
16
111
22
40
15
33
35
73
26
13
104
34
30
186
29
51
28
28
24
29
29
50
28
19
29
19
36
19
58
30
54
41
29
70
17
25
22
322
38
28
43
41
25
19
27
20
17
27
30
46
58
25
25
28
28
33
26
24
38
33
27
111
13
26
34
35
31
65
62
24
40
46
27
22
32
20
33
29
22
21
55
34
34
23
19
26
50
33
55
44
18
28
22
44
201
31
34
18
79
18
17
17
27
87
89
30
39
22
34
13
19
18
107
