980
46
16
275
488
278
198
170
323
58
45
198
671
225
747
63
52
393
357
289
469
454
384
41
490
69
633
577
409
109
225
198
302
79
255
439
221
55
177
55
472
300
198
216
246
301
155
118
773
202
558
473
262
321
280
222
198
968
210
526
70
718
345
689
170
120
482
15
17
365
327
72
24
265
390
471
870
352
301
650
190
35
103
77
108
198
79
218
242
181
519
29
306
154
742
143
49
146
162
233
323
167
321
221
259
118
282
391
235
248
502
284
474
453
220
129
499
415
414
471
280
221
100
403
587
44
402
758
429
215
161
40
386
478
86
525
276
321
241
318
69
252
415
144
313
63
373
739
171
267
632
22
266
500
29
393
565
358
169
236
219
110
840
226
248
440
220
159
222
220
51
181
177
117
233
89
318
178
369
419
45
250
139
171
310
68
124
316
239
335
363
234
353
880
77
472
153
580
205
514
10
59
22
14
20
16
22
13
23
20
16
182
18
36
16
15
14
24
34
12
41
50
17
14
20
25
21
30
75
22
18
28
15
29
19
13
14
26
21
14
24
25
20
15
15
14
13
24
29
22
19
16
18
36
14
21
20
14
14
32
20
14
28
27
19
18
24
25
12
24
17
17
73
27
10
17
23
61
16
14
25
22
23
21
12
16
15
14
15
27
12
11
15
18
19
13
17
21
21
25
43
47
31
13
12
17
15
16
45
199
13
23
15
15
18
20
17
20
14
13
16
11
20
17
11
19
20
16
18
97
21
13
17
16
20
22
27
12
11
24
14
12
19
16
83
20
15
7
13
22
24
9
31
26
16
15
27
57
21
17
23
17
19
60
29
13
28
17
13
10
57
29
13
11
14
12
16
22
22
21
15
12
20
15
13
31
16
15
14
29
16
26
46
10
28
28
10
14
15
57
