107
664
497
331
180
784
391
183
965
260
217
474
164
190
291
402
140
76
523
450
658
351
639
273
290
175
803
213
45
344
387
307
778
553
68
173
350
110
310
559
303
362
1343
959
825
622
466
50
244
202
546
212
52
121
504
280
339
948
133
727
656
668
342
313
923
248
1203
332
473
434
127
521
656
429
425
247
474
676
533
868
444
272
344
135
879
453
517
22
295
408
493
102
230
439
529
865
801
278
231
333
605
144
595
268
737
616
692
576
729
113
1154
151
209
1068
337
208
1419
274
281
1126
929
136
266
660
224
569
280
256
251
679
417
610
211
380
213
907
179
361
1210
203
872
1660
269
414
540
395
206
282
324
560
100
290
530
525
210
240
374
98
522
508
278
169
583
684
20
301
270
225
459
788
352
501
670
752
280
479
547
643
453
912
805
338
136
909
403
221
662
455
248
489
266
285
449
519
781
358
920
337
197
993
11
22
14
17
15
14
13
25
31
17
31
36
11
30
27
19
23
27
9
25
22
23
19
13
15
15
28
91
21
15
14
23
18
17
17
23
22
14
27
26
13
19
29
15
23
9
27
15
25
28
8
23
18
19
20
15
17
12
25
13
24
38
23
22
39
15
21
19
12
23
15
29
15
35
20
19
19
26
18
14
14
14
23
16
14
19
20
14
17
11
19
20
20
16
24
33
14
13
30
14
36
51
18
26
22
15
16
33
16
11
71
18
14
9
17
12
15
25
44
14
11
23
15
72
12
33
40
14
50
21
20
19
26
20
13
15
13
15
14
18
18
15
19
24
20
37
32
31
12
18
16
14
14
18
23
34
12
14
18
24
17
14
24
24
23
18
27
11
20
22
26
12
15
12
17
50
24
17
25
26
19
13
34
16
20
25
15
15
36
17
21
142
19
27
21
24
20
20
25
15
