368
1500
514
1101
139
142
1049
406
398
582
402
736
628
249
813
387
422
1189
245
1371
862
609
269
611
744
352
373
913
680
801
431
498
359
1140
1781
676
538
462
589
355
294
1257
699
1041
153
2025
210
184
283
350
698
305
1045
1808
294
676
171
448
501
300
873
493
426
808
581
404
549
761
1174
898
890
275
151
148
598
407
290
351
985
599
382
551
215
861
568
424
242
201
1091
544
335
967
543
1043
573
600
945
728
486
1134
1627
77
456
404
810
558
307
206
842
855
709
341
436
304
772
928
1322
381
217
295
495
828
1164
917
525
1358
374
206
1919
533
665
1091
372
961
240
781
508
180
225
358
1212
209
229
693
933
406
460
537
1006
206
1463
480
340
454
228
1338
451
432
1690
278
507
1428
558
372
404
269
160
1218
298
510
946
145
507
325
1098
789
1249
279
385
275
354
960
1658
160
1060
772
517
763
445
503
821
152
147
288
198
264
478
536
399
658
31
43
62
30
14
23
47
43
30
14
32
51
35
44
75
33
40
19
20
41
33
34
64
12
21
22
21
25
21
27
29
18
24
33
30
21
37
32
31
60
35
31
20
26
39
16
38
18
25
41
25
33
114
24
29
28
30
18
17
26
37
20
19
14
28
46
21
19
44
21
14
24
34
25
32
35
62
25
34
34
18
36
41
45
25
33
31
42
29
33
28
109
51
24
11
46
17
41
27
20
25
19
23
16
27
37
17
72
19
36
12
30
25
17
26
48
32
35
12
14
18
18
26
29
22
32
20
22
13
34
29
15
21
37
15
29
43
32
38
36
40
20
30
41
34
38
77
24
20
22
38
15
19
20
17
81
32
18
16
50
26
15
40
26
19
20
46
51
13
28
136
20
27
19
40
23
17
22
29
11
32
31
15
40
23
27
39
35
16
26
22
17
20
25
31
25
21
30
24
64
