10
9
11
10
9
11
8
9
8
10
9
10
9
10
9
10
10
8
12
11
9
13
8
9
10
11
10
10
9
9
11
10
9
10
12
10
10
10
8
13
10
9
11
13
9
10
8
10
9
10
8
10
10
11
10
10
10
10
8
9
9
12
12
9
10
10
9
10
10
7
11
13
10
11
8
11
11
12
9
9
9
11
10
8
10
10
8
8
13
11
10
9
8
11
9
8
12
9
10
8
10
11
10
9
9
11
7
11
8
12
11
8
10
10
9
9
11
11
9
11
8
9
9
9
8
7
9
9
10
8
13
11
11
11
10
11
11
8
10
9
10
10
8
10
11
9
9
9
9
9
11
8
11
10
10
9
10
9
12
9
8
13
9
9
9
12
10
11
9
11
12
9
10
8
10
9
10
9
9
10
11
10
11
10
9
11
9
10
11
9
9
9
11
12
10
10
11
9
10
8
10
13
11
9
12
13
16
10
9
13
10
12
17
15
15
10
10
9
10
16
12
11
10
12
10
11
10
12
10
10
10
10
22
10
12
9
12
9
12
15
19
10
12
9
11
15
9
10
10
11
13
16
11
13
14
12
13
10
10
11
11
9
12
11
10
11
9
10
9
11
12
9
10
17
11
14
12
10
17
9
10
11
10
12
11
10
10
11
14
9
10
11
15
15
9
13
11
12
10
11
18
10
11
10
9
11
10
10
11
12
11
13
11
9
14
10
9
13
17
9
9
9
11
12
12
9
10
9
10
15
13
12
9
12
12
13
12
10
11
11
9
13
8
11
13
11
10
11
14
12
11
13
13
11
9
15
10
10
11
11
11
14
17
10
13
12
10
12
17
11
9
12
16
10
15
14
11
14
10
10
11
12
12
10
10
11
10
9
14
10
13
14
10
12
9
15
9
13
11
13
