9
11
10
18
12
14
11
15
10
11
14
22
10
10
10
9
10
12
10
17
11
12
13
9
9
12
15
10
10
12
10
9
28
12
9
10
11
11
10
10
11
11
28
13
18
11
22
9
10
9
13
12
12
13
15
18
18
26
10
13
28
16
12
12
14
10
11
10
13
14
15
9
19
10
9
17
10
12
12
11
9
11
16
13
17
16
11
15
11
11
9
14
10
16
18
13
27
10
18
9
16
10
10
9
13
19
12
9
23
9
16
11
12
26
16
9
35
11
11
21
16
15
13
10
12
11
15
10
8
16
9
11
12
24
9
20
11
12
10
10
21
28
10
13
10
9
11
9
17
16
11
9
13
17
11
11
10
10
14
12
12
10
11
19
21
9
10
11
19
11
10
12
10
10
13
10
11
20
12
23
25
10
14
9
13
9
12
9
10
17
11
9
13
14
9
20
17
10
10
13
9
12
10
9
8
8
9
10
9
8
9
10
8
10
10
8
8
9
9
12
10
10
8
11
8
9
9
10
10
9
8
8
8
9
9
10
10
8
9
9
9
8
11
8
9
9
9
11
10
10
9
10
10
9
12
9
11
8
10
10
8
9
9
9
8
10
9
10
9
10
10
8
11
9
10
10
9
11
11
9
10
9
8
8
8
10
8
8
9
9
12
8
10
9
8
10
10
10
8
12
9
12
13
12
11
9
9
10
8
7
8
9
9
10
9
9
8
8
9
8
7
10
10
8
10
8
8
8
10
9
9
9
9
10
9
12
8
8
9
9
8
8
9
8
9
10
8
8
8
9
10
9
10
9
10
8
9
10
9
9
9
13
8
9
9
9
9
8
9
9
11
9
11
9
14
9
9
10
9
11
9
9
10
9
7
9
8
9
8
9
9
9
10
9
9
8
9
8
13
8
