17
12
21
38
19
10
30
26
45
15
21
27
87
12
70
25
13
129
14
181
52
53
30
74
69
16
70
57
54
52
38
23
16
96
50
147
26
15
32
13
33
100
50
87
14
132
22
12
25
21
60
16
97
123
16
64
10
24
28
25
94
44
22
31
25
29
17
34
83
38
98
21
10
12
54
35
20
29
74
44
21
39
11
43
37
11
11
9
34
49
33
81
26
72
17
51
37
44
56
132
125
11
30
18
27
65
17
17
80
83
38
16
19
21
101
74
117
22
14
15
38
21
86
46
53
99
22
11
221
22
41
43
12
49
16
28
12
12
19
13
103
17
10
129
156
16
59
19
113
16
72
15
15
24
17
114
35
17
33
42
35
120
66
25
14
17
13
19
40
15
163
18
40
15
108
38
126
12
42
9
26
51
120
11
71
28
32
25
67
22
124
10
14
22
15
14
16
28
20
30
9
10
11
10
9
9
8
10
8
12
10
10
11
9
9
11
8
9
8
10
10
9
9
9
10
9
11
8
10
9
9
9
9
8
9
11
8
9
9
11
9
11
7
10
9
7
8
10
9
10
11
11
11
9
11
8
9
9
11
9
9
13
10
10
9
9
10
10
9
9
10
11
8
9
13
9
9
9
10
9
10
9
9
8
9
9
9
11
9
10
10
14
11
7
8
11
8
10
9
10
10
9
8
8
8
10
11
10
7
7
9
9
10
10
10
10
10
9
10
8
9
10
10
8
10
9
10
12
10
9
11
10
9
9
8
10
11
9
9
8
8
9
8
9
10
10
10
8
9
11
9
10
9
8
9
12
9
8
10
10
11
10
10
9
11
9
8
9
10
15
10
14
9
9
11
11
9
10
11
8
9
8
12
8
8
9
9
10
10
10
11
8
8
9
7
10
10
9
10
10
